testrespMat_ 1,testrespMat_ 2,testrespMat_ 3,testrespMat_ 4,testrespMat_ 5,testrespMat_ 6,testrespMat_ 7,testrespMat_ 8,testrespMat_ 9,testrespMat_10,testrespMat_11,testrespMat_12,testrespMat_13,testrespMat_14,testrespMat_15
,,,,,,,,,,,,,,
,,,,,,,,,,,,,,
,,,,,,,,,,,,,,
,,,,,,,,,,,,,,
,,,,,,,,,,,,,,
,,,,,,,,,,,,,,
,,,,,,,,,,,,,,
,,,,,,,,,,,,,,
,,,,,,,,,,,,,,
,,,,,,,,,,,,,,
,,,,,,,,,,,,,,
,,,,,,,,,,,,,,
,,,,,,,,,,,,,,
,,,,,,,,,,,,,,
,,,,,,,,,,,,,,
16,2,16,1187.avi,oneeighty,sin-oneeighty-4Hz-acoustic16.wav,180,acoustic,1183.avi,1154.avi,1187.avi,,3,3,6.00931057435446
